Line0 : (0,108)(1,88)(2,102)(3,103)(4,97)(5,95)(6,118)(7,88)(8,103)(9,98)
Line1 : (0,99)(1,87)(2,88)(3,100)(4,111)(5,114)(6,110)(7,96)(8,109)(9,86)
Line2 : (0,104)(1,117)(2,93)(3,102)(4,92)(5,80)(6,97)(7,121)(8,88)(9,106)
Line3 : (0,107)(1,94)(2,94)(3,94)(4,103)(5,87)(6,104)(7,109)(8,112)(9,96)
Line4 : (0,95)(1,109)(2,103)(3,90)(4,100)(5,84)(6,114)(7,104)(8,93)(9,108)
Line5 : (0,102)(1,106)(2,98)(3,88)(4,104)(5,93)(6,97)(7,98)(8,110)(9,104)
Line6 : (0,116)(1,91)(2,93)(3,101)(4,112)(5,100)(6,91)(7,99)(8,95)(9,102)
Line7 : (0,107)(1,100)(2,107)(3,98)(4,85)(5,119)(6,100)(7,94)(8,87)(9,103)
Line8 : (0,88)(1,89)(2,110)(3,95)(4,115)(5,78)(6,106)(7,121)(8,106)(9,92)
Line9 : (0,103)(1,90)(2,91)(3,112)(4,107)(5,107)(6,101)(7,95)(8,103)(9,91)
Line10 : (0,97)(1,87)(2,100)(3,97)(4,104)(5,103)(6,113)(7,93)(8,98)(9,108)
Line11 : (0,101)(1,99)(2,100)(3,106)(4,100)(5,100)(6,101)(7,106)(8,94)(9,93)
Line12 : (0,90)(1,98)(2,105)(3,112)(4,106)(5,92)(6,95)(7,101)(8,98)(9,103)
Line13 : (0,96)(1,120)(2,103)(3,100)(4,109)(5,95)(6,87)(7,108)(8,94)(9,88)
Line14 : (0,117)(1,89)(2,96)(3,98)(4,100)(5,92)(6,124)(7,91)(8,102)(9,91)
Line15 : (0,91)(1,88)(2,102)(3,114)(4,108)(5,105)(6,95)(7,99)(8,91)(9,107)
Line16 : (0,102)(1,84)(2,105)(3,95)(4,106)(5,115)(6,93)(7,90)(8,107)(9,103)
Line17 : (0,87)(1,101)(2,84)(3,104)(4,110)(5,94)(6,98)(7,109)(8,108)(9,105)
Line18 : (0,104)(1,99)(2,102)(3,108)(4,101)(5,107)(6,88)(7,87)(8,102)(9,102)
Line19 : (0,83)(1,98)(2,104)(3,132)(4,102)(5,100)(6,91)(7,98)(8,99)(9,93)
Line20 : (0,113)(1,100)(2,94)(3,114)(4,86)(5,89)(6,86)(7,107)(8,107)(9,104)
Line21 : (0,113)(1,88)(2,93)(3,95)(4,92)(5,98)(6,109)(7,95)(8,119)(9,98)
Line22 : (0,96)(1,81)(2,76)(3,121)(4,113)(5,101)(6,93)(7,91)(8,120)(9,108)
Line23 : (0,107)(1,81)(2,92)(3,118)(4,106)(5,105)(6,90)(7,102)(8,95)(9,104)
Line24 : (0,102)(1,109)(2,113)(3,110)(4,86)(5,97)(6,104)(7,95)(8,88)(9,96)
Line25 : (0,105)(1,96)(2,110)(3,96)(4,96)(5,103)(6,109)(7,100)(8,89)(9,96)
Line26 : (0,103)(1,114)(2,94)(3,97)(4,105)(5,95)(6,92)(7,103)(8,106)(9,91)
Line27 : (0,93)(1,112)(2,105)(3,93)(4,112)(5,93)(6,90)(7,92)(8,85)(9,125)
Line28 : (0,97)(1,110)(2,120)(3,94)(4,99)(5,80)(6,112)(7,90)(8,95)(9,103)
Line29 : (0,103)(1,90)(2,104)(3,93)(4,109)(5,97)(6,102)(7,105)(8,86)(9,111)
Line30 : (0,101)(1,87)(2,85)(3,93)(4,80)(5,99)(6,115)(7,125)(8,103)(9,112)
Line31 : (0,103)(1,111)(2,81)(3,106)(4,98)(5,98)(6,103)(7,91)(8,104)(9,105)
Line32 : (0,89)(1,89)(2,85)(3,111)(4,114)(5,103)(6,114)(7,103)(8,96)(9,96)
Line33 : (0,113)(1,93)(2,111)(3,107)(4,104)(5,100)(6,98)(7,73)(8,107)(9,94)
Line34 : (0,83)(1,107)(2,90)(3,97)(4,112)(5,110)(6,82)(7,106)(8,95)(9,118)
Line35 : (0,88)(1,90)(2,100)(3,97)(4,101)(5,100)(6,119)(7,100)(8,104)(9,101)
Line36 : (0,106)(1,125)(2,85)(3,93)(4,89)(5,106)(6,94)(7,104)(8,99)(9,99)
Line37 : (0,100)(1,116)(2,86)(3,118)(4,82)(5,105)(6,94)(7,110)(8,91)(9,98)
Line38 : (0,116)(1,118)(2,96)(3,75)(4,96)(5,91)(6,86)(7,106)(8,104)(9,112)
Line39 : (0,107)(1,101)(2,92)(3,100)(4,77)(5,113)(6,100)(7,99)(8,101)(9,110)
Line40 : (0,110)(1,103)(2,108)(3,109)(4,82)(5,101)(6,106)(7,91)(8,88)(9,102)
Line41 : (0,106)(1,96)(2,108)(3,90)(4,87)(5,96)(6,114)(7,116)(8,105)(9,82)
Line42 : (0,108)(1,101)(2,106)(3,98)(4,101)(5,92)(6,98)(7,99)(8,100)(9,97)
Line43 : (0,99)(1,106)(2,104)(3,89)(4,92)(5,106)(6,105)(7,93)(8,109)(9,97)
Line44 : (0,93)(1,111)(2,111)(3,97)(4,91)(5,91)(6,102)(7,104)(8,92)(9,108)
Line45 : (0,88)(1,103)(2,96)(3,95)(4,110)(5,102)(6,91)(7,110)(8,112)(9,93)
Line46 : (0,98)(1,109)(2,105)(3,90)(4,84)(5,102)(6,104)(7,91)(8,105)(9,112)
Line47 : (0,110)(1,109)(2,89)(3,91)(4,113)(5,110)(6,96)(7,96)(8,92)(9,94)
Line48 : (0,122)(1,98)(2,108)(3,108)(4,88)(5,92)(6,102)(7,102)(8,89)(9,91)
Line49 : (0,111)(1,99)(2,75)(3,105)(4,95)(5,97)(6,107)(7,113)(8,100)(9,98)
Line50 : (0,100)(1,84)(2,108)(3,112)(4,94)(5,99)(6,104)(7,92)(8,110)(9,97)
Line51 : (0,94)(1,101)(2,89)(3,104)(4,115)(5,115)(6,109)(7,99)(8,80)(9,94)
Line52 : (0,87)(1,114)(2,117)(3,106)(4,113)(5,81)(6,105)(7,92)(8,87)(9,98)
Line53 : (0,104)(1,113)(2,108)(3,98)(4,97)(5,92)(6,100)(7,94)(8,106)(9,88)
Line54 : (0,108)(1,116)(2,104)(3,102)(4,103)(5,72)(6,104)(7,99)(8,82)(9,110)
Line55 : (0,99)(1,99)(2,96)(3,80)(4,110)(5,120)(6,95)(7,91)(8,117)(9,93)
Line56 : (0,81)(1,95)(2,118)(3,90)(4,114)(5,97)(6,94)(7,102)(8,101)(9,108)
Line57 : (0,105)(1,103)(2,95)(3,85)(4,107)(5,107)(6,107)(7,94)(8,99)(9,98)
Line58 : (0,102)(1,98)(2,98)(3,103)(4,81)(5,98)(6,97)(7,108)(8,110)(9,105)
Line59 : (0,93)(1,95)(2,119)(3,95)(4,110)(5,104)(6,83)(7,110)(8,96)(9,95)
Line60 : (0,101)(1,99)(2,105)(3,108)(4,97)(5,114)(6,91)(7,87)(8,103)(9,95)
Line61 : (0,96)(1,101)(2,78)(3,115)(4,108)(5,89)(6,107)(7,93)(8,108)(9,105)
Line62 : (0,101)(1,86)(2,93)(3,98)(4,124)(5,100)(6,96)(7,105)(8,97)(9,100)
Line63 : (0,111)(1,99)(2,117)(3,96)(4,91)(5,97)(6,93)(7,109)(8,105)(9,82)
Line64 : (0,113)(1,101)(2,105)(3,97)(4,85)(5,99)(6,102)(7,94)(8,98)(9,106)
Line65 : (0,95)(1,96)(2,109)(3,106)(4,101)(5,105)(6,89)(7,105)(8,90)(9,104)
Line66 : (0,107)(1,99)(2,92)(3,97)(4,102)(5,107)(6,98)(7,103)(8,84)(9,111)
Line67 : (0,122)(1,97)(2,90)(3,107)(4,101)(5,91)(6,79)(7,93)(8,102)(9,118)
Line68 : (0,90)(1,87)(2,112)(3,97)(4,104)(5,85)(6,93)(7,113)(8,115)(9,104)
Line69 : (0,122)(1,103)(2,108)(3,103)(4,90)(5,88)(6,95)(7,103)(8,92)(9,96)
Line70 : (0,96)(1,91)(2,100)(3,107)(4,98)(5,85)(6,95)(7,96)(8,114)(9,118)
Line71 : (0,95)(1,88)(2,85)(3,93)(4,117)(5,106)(6,102)(7,104)(8,115)(9,95)
Line72 : (0,89)(1,93)(2,104)(3,109)(4,65)(5,118)(6,111)(7,112)(8,96)(9,103)
Line73 : (0,113)(1,96)(2,110)(3,101)(4,103)(5,104)(6,91)(7,91)(8,90)(9,101)
Line74 : (0,94)(1,112)(2,104)(3,91)(4,98)(5,86)(6,102)(7,111)(8,108)(9,94)
Line75 : (0,102)(1,101)(2,88)(3,103)(4,94)(5,118)(6,93)(7,89)(8,117)(9,95)
Line76 : (0,84)(1,107)(2,96)(3,99)(4,94)(5,111)(6,115)(7,94)(8,94)(9,106)
Line77 : (0,113)(1,88)(2,123)(3,86)(4,107)(5,90)(6,104)(7,89)(8,90)(9,110)
Line78 : (0,102)(1,97)(2,102)(3,105)(4,86)(5,109)(6,96)(7,104)(8,104)(9,95)
Line79 : (0,91)(1,90)(2,103)(3,103)(4,97)(5,106)(6,95)(7,105)(8,110)(9,100)
Line80 : (0,97)(1,96)(2,107)(3,104)(4,103)(5,97)(6,106)(7,115)(8,74)(9,101)
Line81 : (0,114)(1,90)(2,102)(3,116)(4,95)(5,104)(6,92)(7,84)(8,95)(9,108)
Line82 : (0,110)(1,90)(2,91)(3,84)(4,112)(5,116)(6,102)(7,108)(8,94)(9,93)
Line83 : (0,89)(1,94)(2,86)(3,112)(4,109)(5,116)(6,110)(7,106)(8,91)(9,87)
Line84 : (0,98)(1,87)(2,108)(3,100)(4,113)(5,111)(6,101)(7,88)(8,90)(9,104)
Line85 : (0,95)(1,116)(2,93)(3,100)(4,99)(5,91)(6,112)(7,97)(8,97)(9,100)
Line86 : (0,103)(1,88)(2,97)(3,92)(4,116)(5,100)(6,109)(7,91)(8,107)(9,97)
Line87 : (0,98)(1,113)(2,98)(3,109)(4,105)(5,108)(6,88)(7,110)(8,85)(9,86)
Line88 : (0,101)(1,102)(2,82)(3,115)(4,95)(5,97)(6,132)(7,87)(8,81)(9,108)
Line89 : (0,90)(1,111)(2,103)(3,85)(4,108)(5,116)(6,102)(7,77)(8,94)(9,114)
Line90 : (0,97)(1,104)(2,91)(3,106)(4,103)(5,105)(6,115)(7,110)(8,80)(9,89)
Line91 : (0,85)(1,96)(2,97)(3,98)(4,108)(5,93)(6,100)(7,115)(8,105)(9,103)
Line92 : (0,107)(1,113)(2,91)(3,96)(4,106)(5,96)(6,100)(7,101)(8,95)(9,95)
Line93 : (0,119)(1,96)(2,93)(3,105)(4,93)(5,100)(6,101)(7,101)(8,94)(9,98)
Line94 : (0,97)(1,106)(2,116)(3,81)(4,99)(5,89)(6,105)(7,103)(8,110)(9,94)
Line95 : (0,103)(1,95)(2,96)(3,91)(4,98)(5,117)(6,96)(7,110)(8,100)(9,94)
Line96 : (0,88)(1,112)(2,90)(3,96)(4,117)(5,106)(6,86)(7,87)(8,105)(9,113)
Line97 : (0,119)(1,83)(2,112)(3,91)(4,91)(5,112)(6,100)(7,106)(8,89)(9,97)
Line98 : (0,101)(1,103)(2,99)(3,101)(4,111)(5,103)(6,94)(7,100)(8,102)(9,86)
Line99 : (0,83)(1,103)(2,95)(3,85)(4,104)(5,125)(6,104)(7,89)(8,106)(9,106)
