Line0 : (0,88)(1,87)(2,121)(3,109)(4,101)(5,94)(6,101)(7,101)(8,83)(9,115)
Line1 : (0,90)(1,107)(2,100)(3,104)(4,103)(5,87)(6,123)(7,105)(8,85)(9,96)
Line2 : (0,92)(1,94)(2,100)(3,103)(4,129)(5,97)(6,87)(7,100)(8,89)(9,109)
Line3 : (0,95)(1,105)(2,94)(3,109)(4,101)(5,110)(6,109)(7,93)(8,91)(9,93)
Line4 : (0,112)(1,99)(2,103)(3,96)(4,97)(5,107)(6,90)(7,101)(8,97)(9,98)
Line5 : (0,114)(1,104)(2,102)(3,94)(4,102)(5,89)(6,92)(7,108)(8,97)(9,98)
Line6 : (0,109)(1,94)(2,99)(3,114)(4,100)(5,93)(6,107)(7,97)(8,88)(9,99)
Line7 : (0,87)(1,85)(2,81)(3,104)(4,118)(5,102)(6,131)(7,114)(8,88)(9,90)
Line8 : (0,86)(1,97)(2,100)(3,96)(4,96)(5,92)(6,107)(7,110)(8,115)(9,101)
Line9 : (0,104)(1,95)(2,126)(3,109)(4,89)(5,97)(6,89)(7,101)(8,93)(9,97)
Line10 : (0,86)(1,93)(2,99)(3,106)(4,98)(5,97)(6,93)(7,105)(8,113)(9,110)
Line11 : (0,97)(1,115)(2,90)(3,87)(4,115)(5,89)(6,101)(7,104)(8,111)(9,91)
Line12 : (0,90)(1,112)(2,111)(3,99)(4,81)(5,84)(6,111)(7,112)(8,103)(9,97)
Line13 : (0,92)(1,106)(2,103)(3,104)(4,99)(5,97)(6,102)(7,95)(8,110)(9,92)
Line14 : (0,83)(1,111)(2,92)(3,104)(4,100)(5,91)(6,110)(7,98)(8,91)(9,120)
Line15 : (0,115)(1,108)(2,100)(3,89)(4,100)(5,108)(6,95)(7,78)(8,101)(9,106)
Line16 : (0,117)(1,98)(2,92)(3,103)(4,86)(5,79)(6,102)(7,107)(8,117)(9,99)
Line17 : (0,95)(1,105)(2,106)(3,98)(4,97)(5,114)(6,106)(7,92)(8,106)(9,81)
Line18 : (0,99)(1,82)(2,93)(3,107)(4,98)(5,96)(6,103)(7,101)(8,107)(9,114)
Line19 : (0,103)(1,115)(2,86)(3,100)(4,83)(5,87)(6,102)(7,103)(8,106)(9,115)
Line20 : (0,103)(1,95)(2,101)(3,87)(4,106)(5,103)(6,86)(7,125)(8,85)(9,109)
Line21 : (0,79)(1,105)(2,105)(3,104)(4,96)(5,85)(6,101)(7,103)(8,124)(9,98)
Line22 : (0,96)(1,99)(2,113)(3,95)(4,109)(5,86)(6,92)(7,99)(8,97)(9,114)
Line23 : (0,73)(1,112)(2,111)(3,96)(4,115)(5,93)(6,107)(7,102)(8,84)(9,107)
Line24 : (0,88)(1,99)(2,108)(3,98)(4,100)(5,92)(6,114)(7,97)(8,96)(9,108)
Line25 : (0,98)(1,108)(2,104)(3,95)(4,91)(5,92)(6,113)(7,89)(8,113)(9,97)
Line26 : (0,107)(1,99)(2,96)(3,109)(4,105)(5,108)(6,93)(7,97)(8,80)(9,106)
Line27 : (0,99)(1,93)(2,107)(3,103)(4,110)(5,107)(6,87)(7,100)(8,98)(9,96)
Line28 : (0,107)(1,113)(2,95)(3,102)(4,106)(5,105)(6,81)(7,103)(8,93)(9,95)
Line29 : (0,112)(1,102)(2,86)(3,91)(4,112)(5,86)(6,119)(7,95)(8,103)(9,94)
Line30 : (0,111)(1,91)(2,90)(3,95)(4,109)(5,93)(6,111)(7,97)(8,96)(9,107)
Line31 : (0,101)(1,88)(2,89)(3,74)(4,81)(5,118)(6,105)(7,115)(8,112)(9,117)
Line32 : (0,109)(1,96)(2,107)(3,98)(4,93)(5,88)(6,100)(7,114)(8,102)(9,93)
Line33 : (0,108)(1,106)(2,95)(3,87)(4,105)(5,96)(6,101)(7,95)(8,102)(9,105)
Line34 : (0,96)(1,95)(2,82)(3,111)(4,116)(5,85)(6,120)(7,100)(8,96)(9,99)
Line35 : (0,89)(1,113)(2,104)(3,102)(4,102)(5,110)(6,97)(7,105)(8,84)(9,94)
Line36 : (0,118)(1,91)(2,102)(3,112)(4,95)(5,89)(6,119)(7,95)(8,100)(9,79)
Line37 : (0,93)(1,105)(2,105)(3,105)(4,96)(5,96)(6,113)(7,91)(8,89)(9,107)
Line38 : (0,109)(1,110)(2,90)(3,91)(4,92)(5,112)(6,103)(7,97)(8,88)(9,108)
Line39 : (0,103)(1,116)(2,92)(3,94)(4,98)(5,112)(6,104)(7,90)(8,88)(9,103)
Line40 : (0,95)(1,104)(2,99)(3,89)(4,94)(5,118)(6,101)(7,86)(8,106)(9,108)
Line41 : (0,97)(1,98)(2,110)(3,103)(4,101)(5,88)(6,99)(7,91)(8,102)(9,111)
Line42 : (0,100)(1,100)(2,107)(3,96)(4,85)(5,81)(6,109)(7,113)(8,115)(9,94)
Line43 : (0,106)(1,96)(2,91)(3,95)(4,99)(5,108)(6,94)(7,92)(8,97)(9,122)
Line44 : (0,102)(1,106)(2,103)(3,109)(4,82)(5,114)(6,90)(7,79)(8,118)(9,97)
Line45 : (0,88)(1,106)(2,107)(3,115)(4,93)(5,100)(6,94)(7,84)(8,98)(9,115)
Line46 : (0,100)(1,95)(2,116)(3,96)(4,101)(5,107)(6,85)(7,109)(8,102)(9,89)
Line47 : (0,97)(1,111)(2,97)(3,88)(4,107)(5,100)(6,98)(7,101)(8,104)(9,97)
Line48 : (0,96)(1,109)(2,105)(3,100)(4,101)(5,92)(6,107)(7,97)(8,116)(9,77)
Line49 : (0,102)(1,103)(2,114)(3,99)(4,92)(5,94)(6,113)(7,92)(8,100)(9,91)
Line50 : (0,116)(1,91)(2,100)(3,92)(4,100)(5,88)(6,117)(7,88)(8,97)(9,111)
Line51 : (0,106)(1,101)(2,101)(3,110)(4,93)(5,92)(6,97)(7,99)(8,100)(9,101)
Line52 : (0,107)(1,99)(2,110)(3,92)(4,101)(5,93)(6,84)(7,102)(8,108)(9,104)
Line53 : (0,97)(1,102)(2,100)(3,112)(4,109)(5,93)(6,100)(7,97)(8,102)(9,88)
Line54 : (0,112)(1,101)(2,95)(3,89)(4,99)(5,90)(6,110)(7,93)(8,113)(9,98)
Line55 : (0,100)(1,88)(2,95)(3,99)(4,100)(5,100)(6,109)(7,108)(8,113)(9,88)
Line56 : (0,86)(1,112)(2,97)(3,97)(4,102)(5,103)(6,104)(7,104)(8,100)(9,95)
Line57 : (0,90)(1,103)(2,100)(3,92)(4,86)(5,102)(6,105)(7,99)(8,117)(9,106)
Line58 : (0,103)(1,103)(2,87)(3,115)(4,91)(5,85)(6,107)(7,98)(8,98)(9,113)
Line59 : (0,117)(1,115)(2,73)(3,91)(4,92)(5,85)(6,103)(7,106)(8,102)(9,116)
Line60 : (0,117)(1,99)(2,88)(3,95)(4,108)(5,109)(6,102)(7,88)(8,93)(9,101)
Line61 : (0,94)(1,110)(2,110)(3,114)(4,97)(5,94)(6,94)(7,110)(8,92)(9,85)
Line62 : (0,98)(1,83)(2,102)(3,102)(4,93)(5,109)(6,112)(7,92)(8,101)(9,108)
Line63 : (0,108)(1,93)(2,104)(3,99)(4,104)(5,105)(6,107)(7,97)(8,89)(9,94)
Line64 : (0,109)(1,111)(2,99)(3,100)(4,86)(5,94)(6,90)(7,114)(8,102)(9,95)
Line65 : (0,103)(1,89)(2,96)(3,96)(4,103)(5,105)(6,98)(7,110)(8,101)(9,99)
Line66 : (0,107)(1,98)(2,97)(3,96)(4,92)(5,97)(6,108)(7,100)(8,89)(9,116)
Line67 : (0,100)(1,96)(2,101)(3,81)(4,100)(5,120)(6,93)(7,105)(8,96)(9,108)
Line68 : (0,105)(1,94)(2,116)(3,109)(4,108)(5,107)(6,76)(7,103)(8,81)(9,101)
Line69 : (0,90)(1,116)(2,98)(3,106)(4,115)(5,101)(6,92)(7,99)(8,92)(9,91)
Line70 : (0,114)(1,85)(2,111)(3,101)(4,91)(5,116)(6,99)(7,93)(8,97)(9,93)
Line71 : (0,102)(1,79)(2,100)(3,119)(4,87)(5,107)(6,105)(7,92)(8,97)(9,112)
Line72 : (0,106)(1,106)(2,93)(3,91)(4,116)(5,104)(6,108)(7,86)(8,107)(9,83)
Line73 : (0,102)(1,114)(2,95)(3,89)(4,83)(5,92)(6,106)(7,105)(8,112)(9,102)
Line74 : (0,106)(1,94)(2,108)(3,103)(4,99)(5,111)(6,95)(7,88)(8,110)(9,86)
Line75 : (0,109)(1,88)(2,91)(3,90)(4,102)(5,97)(6,95)(7,108)(8,98)(9,122)
Line76 : (0,81)(1,102)(2,99)(3,113)(4,114)(5,87)(6,90)(7,112)(8,102)(9,100)
Line77 : (0,126)(1,98)(2,96)(3,104)(4,89)(5,73)(6,110)(7,97)(8,115)(9,92)
Line78 : (0,85)(1,101)(2,104)(3,93)(4,115)(5,108)(6,104)(7,97)(8,98)(9,95)
Line79 : (0,91)(1,112)(2,95)(3,108)(4,81)(5,102)(6,95)(7,113)(8,102)(9,101)
Line80 : (0,101)(1,87)(2,89)(3,109)(4,92)(5,105)(6,111)(7,90)(8,97)(9,119)
Line81 : (0,103)(1,104)(2,98)(3,100)(4,102)(5,107)(6,103)(7,97)(8,90)(9,96)
Line82 : (0,119)(1,116)(2,97)(3,105)(4,84)(5,89)(6,111)(7,103)(8,86)(9,90)
Line83 : (0,96)(1,102)(2,95)(3,99)(4,106)(5,98)(6,97)(7,94)(8,111)(9,102)
Line84 : (0,111)(1,94)(2,103)(3,90)(4,110)(5,101)(6,102)(7,96)(8,107)(9,86)
Line85 : (0,117)(1,109)(2,88)(3,96)(4,110)(5,98)(6,93)(7,98)(8,95)(9,96)
Line86 : (0,96)(1,119)(2,100)(3,80)(4,119)(5,93)(6,96)(7,102)(8,92)(9,103)
Line87 : (0,102)(1,69)(2,99)(3,95)(4,95)(5,111)(6,106)(7,100)(8,107)(9,116)
Line88 : (0,82)(1,119)(2,101)(3,106)(4,103)(5,110)(6,103)(7,82)(8,105)(9,89)
Line89 : (0,100)(1,101)(2,91)(3,91)(4,93)(5,104)(6,120)(7,104)(8,103)(9,93)
Line90 : (0,110)(1,98)(2,121)(3,98)(4,102)(5,102)(6,86)(7,103)(8,100)(9,80)
Line91 : (0,109)(1,90)(2,119)(3,104)(4,74)(5,103)(6,116)(7,106)(8,93)(9,86)
Line92 : (0,110)(1,81)(2,114)(3,105)(4,90)(5,95)(6,115)(7,80)(8,98)(9,112)
Line93 : (0,113)(1,97)(2,101)(3,92)(4,98)(5,97)(6,79)(7,112)(8,103)(9,108)
Line94 : (0,103)(1,91)(2,122)(3,86)(4,94)(5,95)(6,103)(7,99)(8,112)(9,95)
Line95 : (0,102)(1,91)(2,107)(3,101)(4,96)(5,101)(6,115)(7,93)(8,98)(9,96)
Line96 : (0,85)(1,94)(2,85)(3,106)(4,119)(5,109)(6,86)(7,111)(8,99)(9,106)
Line97 : (0,115)(1,102)(2,107)(3,89)(4,96)(5,105)(6,99)(7,92)(8,97)(9,98)
Line98 : (0,96)(1,85)(2,118)(3,99)(4,121)(5,85)(6,80)(7,109)(8,105)(9,102)
Line99 : (0,92)(1,95)(2,88)(3,102)(4,117)(5,102)(6,116)(7,104)(8,93)(9,91)
