Line0 : (0,91)(1,97)(2,96)(3,105)(4,99)(5,89)(6,112)(7,109)(8,103)(9,99)
Line1 : (0,92)(1,110)(2,95)(3,111)(4,119)(5,110)(6,90)(7,82)(8,103)(9,88)
Line2 : (0,94)(1,87)(2,79)(3,86)(4,123)(5,105)(6,103)(7,104)(8,102)(9,117)
Line3 : (0,117)(1,117)(2,89)(3,80)(4,93)(5,112)(6,94)(7,96)(8,92)(9,110)
Line4 : (0,114)(1,108)(2,94)(3,94)(4,88)(5,103)(6,91)(7,91)(8,111)(9,106)
Line5 : (0,104)(1,111)(2,99)(3,97)(4,104)(5,99)(6,96)(7,96)(8,94)(9,100)
Line6 : (0,108)(1,123)(2,104)(3,107)(4,94)(5,89)(6,74)(7,95)(8,108)(9,98)
Line7 : (0,108)(1,93)(2,123)(3,92)(4,95)(5,107)(6,84)(7,82)(8,99)(9,117)
Line8 : (0,94)(1,103)(2,87)(3,89)(4,92)(5,101)(6,120)(7,106)(8,120)(9,88)
Line9 : (0,108)(1,103)(2,74)(3,110)(4,118)(5,102)(6,92)(7,80)(8,110)(9,103)
Line10 : (0,89)(1,103)(2,97)(3,101)(4,109)(5,101)(6,101)(7,96)(8,94)(9,109)
Line11 : (0,114)(1,96)(2,99)(3,102)(4,90)(5,103)(6,96)(7,76)(8,115)(9,109)
Line12 : (0,96)(1,88)(2,98)(3,109)(4,104)(5,110)(6,94)(7,102)(8,105)(9,94)
Line13 : (0,108)(1,70)(2,93)(3,124)(4,114)(5,96)(6,95)(7,95)(8,99)(9,106)
Line14 : (0,87)(1,105)(2,97)(3,107)(4,106)(5,98)(6,107)(7,100)(8,97)(9,96)
Line15 : (0,100)(1,79)(2,118)(3,114)(4,77)(5,110)(6,108)(7,96)(8,103)(9,95)
Line16 : (0,96)(1,102)(2,87)(3,104)(4,114)(5,115)(6,93)(7,95)(8,93)(9,101)
Line17 : (0,81)(1,100)(2,109)(3,100)(4,97)(5,107)(6,104)(7,99)(8,114)(9,89)
Line18 : (0,92)(1,112)(2,93)(3,97)(4,121)(5,88)(6,111)(7,80)(8,105)(9,101)
Line19 : (0,89)(1,119)(2,89)(3,105)(4,104)(5,95)(6,93)(7,103)(8,88)(9,115)
Line20 : (0,105)(1,113)(2,107)(3,105)(4,135)(5,84)(6,77)(7,103)(8,81)(9,90)
Line21 : (0,97)(1,90)(2,103)(3,103)(4,97)(5,90)(6,102)(7,109)(8,108)(9,101)
Line22 : (0,102)(1,88)(2,90)(3,111)(4,101)(5,110)(6,100)(7,107)(8,99)(9,92)
Line23 : (0,110)(1,98)(2,81)(3,87)(4,109)(5,104)(6,99)(7,121)(8,90)(9,101)
Line24 : (0,129)(1,84)(2,99)(3,96)(4,100)(5,108)(6,113)(7,82)(8,90)(9,99)
Line25 : (0,109)(1,95)(2,88)(3,107)(4,100)(5,111)(6,93)(7,92)(8,109)(9,96)
Line26 : (0,110)(1,90)(2,108)(3,97)(4,93)(5,102)(6,98)(7,123)(8,91)(9,88)
Line27 : (0,101)(1,108)(2,93)(3,97)(4,111)(5,101)(6,106)(7,93)(8,95)(9,95)
Line28 : (0,114)(1,100)(2,95)(3,93)(4,96)(5,112)(6,94)(7,84)(8,104)(9,108)
Line29 : (0,99)(1,95)(2,94)(3,111)(4,93)(5,110)(6,93)(7,93)(8,113)(9,99)
Line30 : (0,99)(1,100)(2,86)(3,115)(4,104)(5,108)(6,95)(7,93)(8,94)(9,106)
Line31 : (0,98)(1,97)(2,99)(3,112)(4,107)(5,98)(6,93)(7,104)(8,92)(9,100)
Line32 : (0,109)(1,93)(2,101)(3,105)(4,99)(5,114)(6,79)(7,88)(8,90)(9,122)
Line33 : (0,88)(1,91)(2,93)(3,97)(4,111)(5,109)(6,88)(7,105)(8,108)(9,110)
Line34 : (0,105)(1,106)(2,113)(3,78)(4,104)(5,86)(6,104)(7,95)(8,113)(9,96)
Line35 : (0,85)(1,82)(2,104)(3,111)(4,118)(5,110)(6,77)(7,101)(8,106)(9,106)
Line36 : (0,104)(1,105)(2,113)(3,104)(4,90)(5,94)(6,108)(7,105)(8,81)(9,96)
Line37 : (0,114)(1,80)(2,105)(3,88)(4,94)(5,105)(6,103)(7,101)(8,106)(9,104)
Line38 : (0,110)(1,98)(2,106)(3,99)(4,112)(5,92)(6,99)(7,87)(8,99)(9,98)
Line39 : (0,106)(1,88)(2,113)(3,111)(4,99)(5,95)(6,88)(7,92)(8,110)(9,98)
Line40 : (0,136)(1,81)(2,96)(3,89)(4,94)(5,79)(6,110)(7,98)(8,112)(9,105)
Line41 : (0,91)(1,101)(2,92)(3,100)(4,97)(5,109)(6,87)(7,107)(8,92)(9,124)
Line42 : (0,114)(1,114)(2,79)(3,110)(4,89)(5,81)(6,87)(7,116)(8,105)(9,105)
Line43 : (0,113)(1,106)(2,102)(3,83)(4,94)(5,104)(6,117)(7,102)(8,89)(9,90)
Line44 : (0,93)(1,105)(2,99)(3,109)(4,111)(5,94)(6,100)(7,95)(8,93)(9,101)
Line45 : (0,108)(1,85)(2,94)(3,112)(4,92)(5,94)(6,101)(7,104)(8,90)(9,120)
Line46 : (0,98)(1,81)(2,91)(3,100)(4,97)(5,105)(6,113)(7,111)(8,99)(9,105)
Line47 : (0,102)(1,107)(2,111)(3,94)(4,108)(5,98)(6,92)(7,92)(8,98)(9,98)
Line48 : (0,83)(1,98)(2,92)(3,108)(4,111)(5,96)(6,102)(7,96)(8,96)(9,118)
Line49 : (0,110)(1,107)(2,93)(3,99)(4,105)(5,105)(6,89)(7,95)(8,105)(9,92)
Line50 : (0,105)(1,114)(2,102)(3,101)(4,85)(5,100)(6,98)(7,96)(8,88)(9,111)
Line51 : (0,103)(1,101)(2,95)(3,105)(4,100)(5,100)(6,106)(7,90)(8,99)(9,101)
Line52 : (0,106)(1,102)(2,90)(3,107)(4,95)(5,102)(6,95)(7,95)(8,108)(9,100)
Line53 : (0,110)(1,87)(2,90)(3,86)(4,95)(5,105)(6,111)(7,111)(8,88)(9,117)
Line54 : (0,97)(1,98)(2,83)(3,104)(4,113)(5,102)(6,110)(7,88)(8,97)(9,108)
Line55 : (0,114)(1,96)(2,105)(3,103)(4,109)(5,104)(6,76)(7,99)(8,96)(9,98)
Line56 : (0,94)(1,117)(2,96)(3,96)(4,89)(5,102)(6,83)(7,113)(8,111)(9,99)
Line57 : (0,90)(1,117)(2,80)(3,99)(4,88)(5,115)(6,103)(7,92)(8,115)(9,101)
Line58 : (0,105)(1,102)(2,114)(3,95)(4,99)(5,98)(6,83)(7,99)(8,107)(9,98)
Line59 : (0,89)(1,107)(2,104)(3,78)(4,112)(5,94)(6,89)(7,119)(8,116)(9,92)
Line60 : (0,97)(1,121)(2,102)(3,94)(4,106)(5,98)(6,98)(7,87)(8,93)(9,104)
Line61 : (0,102)(1,109)(2,88)(3,99)(4,95)(5,99)(6,100)(7,92)(8,108)(9,108)
Line62 : (0,103)(1,113)(2,91)(3,106)(4,88)(5,102)(6,102)(7,108)(8,99)(9,88)
Line63 : (0,86)(1,129)(2,103)(3,86)(4,97)(5,95)(6,90)(7,114)(8,108)(9,92)
Line64 : (0,103)(1,114)(2,93)(3,107)(4,100)(5,99)(6,114)(7,92)(8,96)(9,82)
Line65 : (0,93)(1,104)(2,90)(3,94)(4,105)(5,105)(6,100)(7,103)(8,100)(9,106)
Line66 : (0,98)(1,117)(2,103)(3,75)(4,114)(5,92)(6,103)(7,105)(8,87)(9,106)
Line67 : (0,118)(1,93)(2,107)(3,92)(4,74)(5,112)(6,81)(7,98)(8,123)(9,102)
Line68 : (0,108)(1,87)(2,114)(3,98)(4,116)(5,99)(6,115)(7,92)(8,95)(9,76)
Line69 : (0,97)(1,97)(2,114)(3,102)(4,94)(5,106)(6,112)(7,109)(8,92)(9,77)
Line70 : (0,101)(1,101)(2,111)(3,117)(4,92)(5,108)(6,94)(7,90)(8,93)(9,93)
Line71 : (0,108)(1,110)(2,75)(3,100)(4,100)(5,122)(6,112)(7,89)(8,85)(9,99)
Line72 : (0,93)(1,110)(2,92)(3,112)(4,91)(5,104)(6,101)(7,85)(8,116)(9,96)
Line73 : (0,93)(1,114)(2,109)(3,103)(4,106)(5,86)(6,108)(7,98)(8,100)(9,83)
Line74 : (0,108)(1,83)(2,104)(3,102)(4,104)(5,89)(6,93)(7,102)(8,104)(9,111)
Line75 : (0,112)(1,92)(2,112)(3,95)(4,72)(5,124)(6,105)(7,99)(8,98)(9,91)
Line76 : (0,85)(1,103)(2,112)(3,100)(4,108)(5,92)(6,79)(7,105)(8,110)(9,106)
Line77 : (0,92)(1,93)(2,108)(3,100)(4,118)(5,99)(6,98)(7,99)(8,84)(9,109)
Line78 : (0,102)(1,95)(2,102)(3,94)(4,103)(5,100)(6,103)(7,100)(8,109)(9,92)
Line79 : (0,99)(1,109)(2,104)(3,108)(4,93)(5,88)(6,91)(7,90)(8,112)(9,106)
Line80 : (0,98)(1,93)(2,91)(3,114)(4,109)(5,102)(6,90)(7,104)(8,104)(9,95)
Line81 : (0,95)(1,114)(2,94)(3,115)(4,107)(5,84)(6,106)(7,96)(8,102)(9,87)
Line82 : (0,100)(1,83)(2,107)(3,109)(4,98)(5,102)(6,98)(7,92)(8,119)(9,92)
Line83 : (0,92)(1,103)(2,99)(3,98)(4,108)(5,98)(6,93)(7,94)(8,111)(9,104)
Line84 : (0,119)(1,94)(2,105)(3,110)(4,104)(5,88)(6,102)(7,94)(8,96)(9,88)
Line85 : (0,110)(1,98)(2,102)(3,91)(4,91)(5,95)(6,107)(7,91)(8,112)(9,103)
Line86 : (0,111)(1,104)(2,98)(3,97)(4,90)(5,115)(6,88)(7,89)(8,111)(9,97)
Line87 : (0,100)(1,102)(2,110)(3,100)(4,89)(5,91)(6,113)(7,107)(8,93)(9,95)
Line88 : (0,103)(1,94)(2,91)(3,101)(4,98)(5,95)(6,106)(7,94)(8,112)(9,106)
Line89 : (0,92)(1,116)(2,100)(3,123)(4,86)(5,98)(6,96)(7,78)(8,105)(9,106)
Line90 : (0,108)(1,97)(2,88)(3,109)(4,104)(5,98)(6,106)(7,105)(8,98)(9,87)
Line91 : (0,100)(1,113)(2,104)(3,92)(4,111)(5,82)(6,123)(7,102)(8,76)(9,97)
Line92 : (0,96)(1,101)(2,101)(3,105)(4,103)(5,100)(6,87)(7,87)(8,113)(9,107)
Line93 : (0,113)(1,122)(2,98)(3,79)(4,115)(5,94)(6,107)(7,92)(8,96)(9,84)
Line94 : (0,84)(1,88)(2,110)(3,97)(4,108)(5,96)(6,108)(7,84)(8,118)(9,107)
Line95 : (0,101)(1,92)(2,90)(3,95)(4,95)(5,110)(6,91)(7,122)(8,90)(9,114)
Line96 : (0,88)(1,99)(2,96)(3,105)(4,93)(5,103)(6,115)(7,104)(8,102)(9,95)
Line97 : (0,99)(1,112)(2,106)(3,96)(4,88)(5,98)(6,100)(7,100)(8,100)(9,101)
Line98 : (0,85)(1,112)(2,86)(3,89)(4,100)(5,102)(6,107)(7,109)(8,114)(9,96)
Line99 : (0,120)(1,98)(2,97)(3,100)(4,87)(5,114)(6,92)(7,91)(8,103)(9,98)
