Line0 : (0,98)(1,106)(2,100)(3,109)(4,98)(5,118)(6,88)(7,83)(8,103)(9,97)
Line1 : (0,98)(1,107)(2,121)(3,107)(4,88)(5,79)(6,115)(7,90)(8,96)(9,99)
Line2 : (0,103)(1,98)(2,80)(3,117)(4,94)(5,89)(6,120)(7,102)(8,95)(9,102)
Line3 : (0,98)(1,107)(2,93)(3,104)(4,101)(5,103)(6,117)(7,100)(8,93)(9,84)
Line4 : (0,97)(1,99)(2,100)(3,93)(4,93)(5,83)(6,114)(7,101)(8,103)(9,117)
Line5 : (0,102)(1,107)(2,102)(3,109)(4,99)(5,91)(6,93)(7,93)(8,108)(9,96)
Line6 : (0,93)(1,108)(2,82)(3,113)(4,117)(5,86)(6,79)(7,118)(8,105)(9,99)
Line7 : (0,82)(1,106)(2,101)(3,116)(4,100)(5,102)(6,101)(7,88)(8,105)(9,99)
Line8 : (0,94)(1,91)(2,104)(3,97)(4,101)(5,86)(6,123)(7,99)(8,114)(9,91)
Line9 : (0,109)(1,100)(2,91)(3,84)(4,94)(5,96)(6,90)(7,99)(8,121)(9,116)
Line10 : (0,113)(1,100)(2,101)(3,101)(4,119)(5,95)(6,89)(7,82)(8,103)(9,97)
Line11 : (0,109)(1,100)(2,83)(3,104)(4,82)(5,101)(6,92)(7,109)(8,115)(9,105)
Line12 : (0,98)(1,100)(2,100)(3,98)(4,89)(5,116)(6,88)(7,106)(8,101)(9,104)
Line13 : (0,106)(1,90)(2,111)(3,93)(4,99)(5,100)(6,72)(7,116)(8,111)(9,102)
Line14 : (0,95)(1,114)(2,102)(3,80)(4,107)(5,112)(6,96)(7,90)(8,104)(9,100)
Line15 : (0,97)(1,105)(2,101)(3,106)(4,119)(5,88)(6,94)(7,88)(8,83)(9,119)
Line16 : (0,97)(1,104)(2,97)(3,111)(4,111)(5,114)(6,95)(7,88)(8,89)(9,94)
Line17 : (0,99)(1,95)(2,107)(3,95)(4,114)(5,96)(6,94)(7,104)(8,99)(9,97)
Line18 : (0,109)(1,98)(2,95)(3,108)(4,100)(5,99)(6,94)(7,101)(8,107)(9,89)
Line19 : (0,98)(1,95)(2,96)(3,101)(4,110)(5,94)(6,94)(7,106)(8,112)(9,94)
Line20 : (0,109)(1,96)(2,96)(3,100)(4,93)(5,99)(6,113)(7,108)(8,93)(9,93)
Line21 : (0,104)(1,99)(2,89)(3,96)(4,102)(5,89)(6,96)(7,110)(8,107)(9,108)
Line22 : (0,111)(1,109)(2,88)(3,79)(4,92)(5,89)(6,106)(7,104)(8,112)(9,110)
Line23 : (0,106)(1,101)(2,108)(3,110)(4,86)(5,100)(6,94)(7,98)(8,99)(9,98)
Line24 : (0,104)(1,94)(2,112)(3,98)(4,85)(5,95)(6,92)(7,121)(8,102)(9,97)
Line25 : (0,96)(1,104)(2,90)(3,101)(4,99)(5,99)(6,104)(7,99)(8,110)(9,98)
Line26 : (0,111)(1,89)(2,87)(3,93)(4,108)(5,97)(6,112)(7,108)(8,91)(9,104)
Line27 : (0,94)(1,93)(2,108)(3,104)(4,94)(5,98)(6,103)(7,96)(8,107)(9,103)
Line28 : (0,108)(1,90)(2,97)(3,99)(4,78)(5,106)(6,107)(7,112)(8,85)(9,118)
Line29 : (0,103)(1,105)(2,92)(3,113)(4,104)(5,106)(6,105)(7,87)(8,86)(9,99)
Line30 : (0,116)(1,100)(2,83)(3,94)(4,102)(5,94)(6,109)(7,99)(8,106)(9,97)
Line31 : (0,90)(1,107)(2,111)(3,105)(4,104)(5,91)(6,80)(7,103)(8,100)(9,109)
Line32 : (0,80)(1,106)(2,94)(3,100)(4,94)(5,100)(6,93)(7,106)(8,121)(9,106)
Line33 : (0,110)(1,90)(2,95)(3,112)(4,87)(5,108)(6,103)(7,100)(8,91)(9,104)
Line34 : (0,97)(1,114)(2,84)(3,94)(4,96)(5,89)(6,111)(7,111)(8,100)(9,104)
Line35 : (0,96)(1,122)(2,90)(3,98)(4,91)(5,96)(6,114)(7,101)(8,93)(9,99)
Line36 : (0,88)(1,99)(2,105)(3,102)(4,97)(5,112)(6,88)(7,104)(8,109)(9,96)
Line37 : (0,92)(1,118)(2,123)(3,110)(4,96)(5,93)(6,101)(7,96)(8,97)(9,74)
Line38 : (0,92)(1,93)(2,100)(3,100)(4,105)(5,110)(6,99)(7,95)(8,113)(9,93)
Line39 : (0,108)(1,105)(2,96)(3,104)(4,97)(5,96)(6,98)(7,110)(8,87)(9,99)
Line40 : (0,105)(1,95)(2,88)(3,116)(4,97)(5,97)(6,93)(7,91)(8,112)(9,106)
Line41 : (0,104)(1,102)(2,101)(3,87)(4,94)(5,92)(6,89)(7,101)(8,116)(9,114)
Line42 : (0,114)(1,96)(2,91)(3,96)(4,108)(5,110)(6,99)(7,84)(8,106)(9,96)
Line43 : (0,113)(1,102)(2,86)(3,100)(4,112)(5,100)(6,109)(7,97)(8,92)(9,89)
Line44 : (0,83)(1,87)(2,104)(3,99)(4,101)(5,107)(6,107)(7,96)(8,108)(9,108)
Line45 : (0,101)(1,102)(2,89)(3,105)(4,107)(5,93)(6,85)(7,111)(8,98)(9,109)
Line46 : (0,102)(1,91)(2,114)(3,106)(4,88)(5,101)(6,83)(7,105)(8,109)(9,101)
Line47 : (0,92)(1,94)(2,110)(3,105)(4,97)(5,97)(6,91)(7,103)(8,95)(9,116)
Line48 : (0,97)(1,78)(2,108)(3,113)(4,89)(5,124)(6,82)(7,102)(8,94)(9,113)
Line49 : (0,84)(1,89)(2,94)(3,107)(4,119)(5,93)(6,97)(7,105)(8,114)(9,98)
Line50 : (0,92)(1,105)(2,97)(3,105)(4,102)(5,114)(6,99)(7,96)(8,90)(9,100)
Line51 : (0,96)(1,105)(2,105)(3,94)(4,99)(5,107)(6,91)(7,88)(8,105)(9,110)
Line52 : (0,90)(1,115)(2,92)(3,95)(4,97)(5,111)(6,92)(7,104)(8,110)(9,94)
Line53 : (0,98)(1,108)(2,102)(3,103)(4,98)(5,101)(6,107)(7,77)(8,100)(9,106)
Line54 : (0,112)(1,91)(2,105)(3,101)(4,92)(5,95)(6,86)(7,102)(8,114)(9,102)
Line55 : (0,95)(1,121)(2,97)(3,75)(4,87)(5,88)(6,105)(7,125)(8,106)(9,101)
Line56 : (0,98)(1,99)(2,114)(3,102)(4,97)(5,94)(6,116)(7,79)(8,100)(9,101)
Line57 : (0,99)(1,88)(2,89)(3,87)(4,101)(5,110)(6,99)(7,98)(8,108)(9,121)
Line58 : (0,108)(1,101)(2,102)(3,107)(4,87)(5,106)(6,82)(7,108)(8,103)(9,96)
Line59 : (0,84)(1,95)(2,83)(3,103)(4,107)(5,89)(6,109)(7,106)(8,104)(9,120)
Line60 : (0,113)(1,115)(2,85)(3,108)(4,97)(5,97)(6,89)(7,93)(8,121)(9,82)
Line61 : (0,109)(1,91)(2,107)(3,101)(4,99)(5,96)(6,107)(7,81)(8,93)(9,116)
Line62 : (0,102)(1,84)(2,90)(3,100)(4,102)(5,91)(6,111)(7,96)(8,122)(9,102)
Line63 : (0,95)(1,97)(2,101)(3,89)(4,119)(5,82)(6,97)(7,92)(8,114)(9,114)
Line64 : (0,95)(1,107)(2,99)(3,84)(4,89)(5,116)(6,100)(7,106)(8,105)(9,99)
Line65 : (0,111)(1,99)(2,97)(3,106)(4,93)(5,90)(6,91)(7,99)(8,92)(9,122)
Line66 : (0,107)(1,90)(2,107)(3,113)(4,92)(5,88)(6,100)(7,96)(8,107)(9,100)
Line67 : (0,116)(1,102)(2,95)(3,94)(4,97)(5,101)(6,101)(7,97)(8,100)(9,97)
Line68 : (0,110)(1,92)(2,109)(3,85)(4,104)(5,81)(6,105)(7,104)(8,106)(9,104)
Line69 : (0,99)(1,96)(2,99)(3,114)(4,96)(5,115)(6,90)(7,89)(8,105)(9,97)
Line70 : (0,106)(1,92)(2,107)(3,105)(4,104)(5,104)(6,102)(7,82)(8,95)(9,103)
Line71 : (0,106)(1,94)(2,110)(3,93)(4,104)(5,88)(6,92)(7,107)(8,96)(9,110)
Line72 : (0,95)(1,113)(2,108)(3,89)(4,83)(5,97)(6,106)(7,90)(8,109)(9,110)
Line73 : (0,90)(1,88)(2,106)(3,105)(4,88)(5,108)(6,110)(7,108)(8,97)(9,100)
Line74 : (0,87)(1,102)(2,100)(3,93)(4,109)(5,89)(6,105)(7,104)(8,98)(9,113)
Line75 : (0,90)(1,105)(2,100)(3,106)(4,93)(5,100)(6,100)(7,93)(8,106)(9,107)
Line76 : (0,110)(1,95)(2,100)(3,96)(4,93)(5,90)(6,110)(7,86)(8,117)(9,103)
Line77 : (0,117)(1,95)(2,101)(3,111)(4,104)(5,92)(6,98)(7,96)(8,88)(9,98)
Line78 : (0,93)(1,94)(2,98)(3,107)(4,99)(5,94)(6,90)(7,123)(8,94)(9,108)
Line79 : (0,106)(1,96)(2,108)(3,107)(4,95)(5,106)(6,102)(7,93)(8,88)(9,99)
Line80 : (0,100)(1,104)(2,106)(3,95)(4,95)(5,100)(6,105)(7,87)(8,101)(9,107)
Line81 : (0,90)(1,95)(2,84)(3,107)(4,109)(5,107)(6,97)(7,105)(8,107)(9,99)
Line82 : (0,86)(1,96)(2,107)(3,99)(4,92)(5,87)(6,96)(7,104)(8,123)(9,110)
Line83 : (0,101)(1,95)(2,100)(3,96)(4,104)(5,106)(6,93)(7,104)(8,111)(9,90)
Line84 : (0,103)(1,96)(2,113)(3,94)(4,88)(5,95)(6,91)(7,110)(8,106)(9,104)
Line85 : (0,110)(1,96)(2,107)(3,97)(4,100)(5,94)(6,97)(7,106)(8,90)(9,103)
Line86 : (0,111)(1,103)(2,70)(3,99)(4,98)(5,111)(6,99)(7,102)(8,98)(9,109)
Line87 : (0,80)(1,100)(2,100)(3,102)(4,97)(5,89)(6,113)(7,109)(8,112)(9,98)
Line88 : (0,111)(1,105)(2,102)(3,95)(4,100)(5,82)(6,101)(7,93)(8,102)(9,109)
Line89 : (0,84)(1,110)(2,112)(3,94)(4,85)(5,103)(6,108)(7,114)(8,92)(9,98)
Line90 : (0,113)(1,93)(2,116)(3,89)(4,101)(5,101)(6,98)(7,98)(8,95)(9,96)
Line91 : (0,99)(1,105)(2,97)(3,99)(4,107)(5,100)(6,118)(7,93)(8,88)(9,94)
Line92 : (0,95)(1,104)(2,99)(3,95)(4,103)(5,105)(6,94)(7,102)(8,103)(9,100)
Line93 : (0,106)(1,99)(2,98)(3,93)(4,91)(5,108)(6,93)(7,113)(8,111)(9,88)
Line94 : (0,97)(1,105)(2,102)(3,102)(4,83)(5,92)(6,106)(7,104)(8,99)(9,110)
Line95 : (0,103)(1,115)(2,97)(3,116)(4,94)(5,101)(6,86)(7,105)(8,96)(9,87)
Line96 : (0,93)(1,95)(2,99)(3,126)(4,108)(5,89)(6,88)(7,97)(8,95)(9,110)
Line97 : (0,88)(1,106)(2,97)(3,82)(4,111)(5,111)(6,128)(7,84)(8,108)(9,85)
Line98 : (0,103)(1,103)(2,112)(3,87)(4,103)(5,101)(6,78)(7,102)(8,103)(9,108)
Line99 : (0,108)(1,92)(2,86)(3,82)(4,113)(5,97)(6,102)(7,112)(8,110)(9,98)
